5460
4380
7170
4410
3330
7200
11430
9270
5790
4350
5820
7140
3300
10290
11400
9240
10320
5760
7080
4320
10710
7110
6390
3990
11340
6780
10650
5730
7050
3570
6360
3960
3600
5280
7830
6750
5670
5310
4590
10620
3150
5700
4620
3540
6330
7800
4170
6720
5640
8790
3480
3120
8820
3870
3510
6660
6300
3900
4140
5970
7290
3450
7320
3840
5160
6630
11940
5940
4860
6180
3780
11490
3810
5490
5130
11910
8670
3360
7230
4830
6150
8700
3750
